30
112
187
193
134.4
158
129.7
113.9
100.5
57
84.6
136.2
179.8
218.1
205.7
133.8
81.4
102
122.9
101.7
96.1
149.9
199.3
152.2
83.5
85
130.3
177.8
140.9
150.7
155.8
189.7
229.7
184.7
109.5
124.6
185.8
197.5
216.3
230.5
235.2
216.9
191.8
206.6
200.2
187.8
179.9
148.6
135.2
110.3
60.3
118.7
112.4
67.5
99
119.4
123.6
152.7
173.4
203.4
221.3
207.3
166.3
180.6
201.7
196.2
201
217.1
175.5
146.8
116.5
147.1
132.1
103.3
98
93.9
129.1
153.4
159.2
137.6
137
131.6
121.2
142
111.4
72.9
54.9
85
147.2
118.6
117.7
139.8
189.1
194.3
196.7
202.9
166.5
183.7
126
91
55.5
18.7
7.4